Python 3.7.3rc1 (default, Mar 13 2019, 11:01:15) 
[GCC 8.3.0] on linux
Type "help", "copyright", "credits" or "license" for more information.
>>> import torch, torch.nn
>>> import torch, torch.nn as nn
>>> help(nn.Linear)

>>> rnn = nn.GRU(10,20,2)
>>> Input = torch.randn(5,3,10)
>>> h0 = torch.randn(2, 3, 20)
>>> Output, h1 = rnn(Input, h0)
>>> Output
tensor([[[-2.7210e-02,  5.3565e-02, -7.1950e-01, -1.8019e-01, -4.8027e-01,
          -7.2660e-04, -6.1948e-01, -5.4671e-01, -6.4580e-02,  1.0772e-01,
           4.0861e-01, -3.2182e-01,  8.1285e-01,  2.5202e-01, -5.9441e-01,
          -6.2165e-01, -1.0929e+00,  1.3458e-01,  1.9866e-01, -4.8021e-01],
         [ 8.2181e-01, -4.8823e-01, -2.9267e-01,  9.4261e-02,  4.1874e-01,
           1.9977e-01,  2.3275e-01,  1.7658e-01, -1.1686e+00, -3.6069e-02,
           9.3724e-02,  5.9254e-01, -6.1885e-02,  2.2001e-01, -2.1450e-02,
           5.8127e-01, -1.0452e-01,  1.4779e-01,  3.6967e-01, -8.4367e-01],
         [-3.4904e-01,  8.6951e-01, -5.2338e-01,  1.7092e+00,  6.9628e-01,
          -8.2048e-02, -5.9690e-02,  4.2179e-01, -4.9739e-01,  8.9284e-03,
          -7.8758e-02, -3.1229e-01, -3.3360e-01, -8.7553e-02,  2.6659e-01,
           5.9194e-02,  2.1822e-01,  8.7487e-01,  3.3877e-01,  2.3795e-02]],

        [[ 4.7195e-02,  1.6878e-01, -3.1503e-01, -2.4921e-01, -3.0373e-01,
          -7.9107e-02, -3.5434e-01, -3.8509e-01,  1.6324e-01,  1.2599e-01,
           2.2826e-01, -3.4289e-01,  6.1815e-01,  1.7986e-01, -3.0675e-01,
          -3.7083e-01, -7.4760e-01, -2.8089e-02,  2.4816e-01, -2.8297e-01],
         [ 5.8422e-01, -3.9176e-02, -9.8835e-02,  1.7174e-01,  1.8645e-01,
          -4.6996e-02, -4.6324e-02,  3.9922e-01, -6.9897e-01,  9.8550e-02,
           3.3506e-01,  3.0452e-01,  2.2969e-01,  6.8998e-02,  1.2579e-01,
           1.2476e-01, -3.5140e-01,  9.6191e-02,  3.1007e-02, -6.3652e-01],
         [-3.0742e-01,  3.2112e-01, -1.6637e-01,  1.0565e+00,  4.3184e-01,
          -1.6366e-02, -9.6525e-02,  2.9576e-01, -2.6345e-01,  2.5046e-02,
           2.3404e-01,  6.7008e-02, -2.1932e-03,  2.7619e-02,  8.9251e-02,
           1.8121e-01,  1.4797e-01,  5.6146e-01,  1.9528e-01,  5.3328e-02]],

        [[ 4.0297e-02,  2.1007e-01, -4.6589e-02, -1.7732e-01, -2.2326e-01,
          -1.3327e-01, -1.7812e-01, -2.3910e-01,  2.0876e-01,  3.9042e-02,
           1.8387e-01, -3.1444e-01,  4.7794e-01,  1.8412e-01, -1.7318e-01,
          -2.2761e-01, -5.7955e-01, -6.4270e-02,  2.8358e-01, -1.6038e-01],
         [ 3.4822e-01,  8.5107e-02,  1.6538e-02,  1.4949e-01, -8.9739e-03,
          -1.2227e-01, -1.0194e-01,  3.6187e-01, -3.0294e-01,  1.5656e-01,
           3.7095e-01,  1.4002e-01,  3.0061e-01,  4.1719e-02,  1.2670e-01,
           5.1601e-02, -3.5982e-01,  5.8494e-02, -9.3963e-03, -4.9964e-01],
         [-1.7833e-01,  8.3403e-02, -7.5298e-02,  6.4965e-01,  3.1010e-01,
           3.8639e-03,  6.7089e-03,  1.4836e-01, -1.9434e-01,  1.1271e-02,
           3.2926e-01,  8.1226e-02,  5.0983e-02,  1.1547e-01,  1.0983e-01,
           2.6613e-01,  3.3202e-02,  3.0266e-01,  2.0379e-01,  7.7859e-02]],

        [[ 2.6204e-02,  1.6735e-01,  8.5372e-02, -1.6891e-01, -2.8973e-01,
          -1.9598e-01, -1.1247e-01, -2.1090e-01,  2.6399e-01, -6.4547e-02,
           1.0536e-01, -3.3003e-01,  3.7383e-01,  1.9076e-01, -1.0101e-01,
          -1.0615e-01, -4.4921e-01, -9.0740e-02,  2.5446e-01, -1.1914e-01],
         [ 1.7251e-01,  6.8470e-02,  5.9528e-02,  2.9463e-02, -2.0434e-01,
          -1.2600e-01, -9.4518e-02,  1.6295e-01, -2.8925e-02,  1.4271e-01,
           3.3514e-01,  3.7383e-02,  3.3508e-01,  1.4216e-01,  1.3668e-01,
           6.0816e-02, -3.3681e-01,  5.9460e-03,  6.4916e-02, -4.2782e-01],
         [-7.6298e-02, -3.2326e-02,  5.6705e-02,  4.2968e-01,  1.3790e-01,
          -3.6025e-02,  1.3753e-01,  6.0543e-02, -1.9749e-01,  7.6293e-02,
           3.6429e-01,  1.5650e-01, -4.7398e-02,  1.1807e-01,  1.6472e-01,
           3.3741e-01, -4.6232e-02,  1.8956e-01,  3.1570e-01,  7.0754e-02]],

        [[ 6.2138e-03,  1.4270e-01,  2.0700e-01, -1.1650e-01, -2.7095e-01,
          -2.1397e-01,  3.3305e-02, -1.1594e-01,  1.9287e-01, -5.5328e-02,
           1.3333e-01, -2.3790e-01,  2.1525e-01,  9.9358e-02,  2.0525e-02,
           4.4713e-02, -3.7448e-01, -3.9811e-02,  2.8215e-01, -6.5408e-02],
         [ 7.6316e-02,  7.2318e-02,  1.2070e-01, -4.0809e-02, -3.1107e-01,
          -8.3543e-02, -2.6745e-02,  3.8786e-02,  6.7790e-02,  1.3941e-01,
           3.3876e-01,  1.7601e-04,  3.2474e-01,  1.8880e-01,  1.8278e-01,
           8.4776e-02, -3.1599e-01,  2.1302e-03,  1.6686e-01, -3.5666e-01],
         [-4.3742e-02, -8.1775e-02,  1.4030e-01,  3.2752e-01, -1.1995e-02,
          -5.3317e-02,  1.9790e-01,  5.9616e-02, -2.0474e-01,  1.0017e-01,
           3.7526e-01,  1.6520e-01, -7.6588e-02,  9.5934e-02,  1.8574e-01,
           3.8495e-01, -1.1736e-01,  1.2450e-01,  3.5023e-01,  9.4507e-02]]],
       grad_fn=<StackBackward>)
>>> h1
tensor([[[-3.9070e-02, -2.7195e-01,  3.4451e-01, -1.1008e-02,  2.5276e-01,
          -6.6414e-02, -2.3085e-01, -2.7412e-01,  2.4729e-01,  1.6901e-01,
          -1.4909e-02,  2.2270e-02,  3.9954e-02,  7.6404e-02,  2.6791e-01,
          -1.2048e-01,  7.4128e-02,  1.9635e-01,  3.4707e-02, -1.2008e-01],
         [-1.2471e-02, -1.8476e-02, -1.8878e-01, -2.3417e-01,  5.5268e-02,
           2.1158e-01, -2.3532e-01,  3.2861e-01, -3.1812e-02,  1.0994e-02,
          -2.6596e-01,  3.5438e-01,  5.3957e-01, -3.8816e-02,  3.3501e-01,
           8.7297e-02, -3.8318e-01, -1.7397e-02, -6.8412e-02, -4.5978e-01],
         [-1.9387e-01, -3.9666e-01,  4.9459e-01, -1.4537e-01,  6.1895e-01,
           3.4211e-01, -3.2440e-01, -6.0730e-02, -2.3669e-01, -9.9906e-03,
           1.6402e-02, -1.0999e-01,  6.5690e-01, -5.5414e-02,  2.0671e-01,
          -3.7085e-02, -2.1175e-01, -1.6255e-01,  1.3886e-01, -9.9351e-02]],

        [[ 6.2138e-03,  1.4270e-01,  2.0700e-01, -1.1650e-01, -2.7095e-01,
          -2.1397e-01,  3.3305e-02, -1.1594e-01,  1.9287e-01, -5.5328e-02,
           1.3333e-01, -2.3790e-01,  2.1525e-01,  9.9358e-02,  2.0525e-02,
           4.4713e-02, -3.7448e-01, -3.9811e-02,  2.8215e-01, -6.5408e-02],
         [ 7.6316e-02,  7.2318e-02,  1.2070e-01, -4.0809e-02, -3.1107e-01,
          -8.3543e-02, -2.6745e-02,  3.8786e-02,  6.7790e-02,  1.3941e-01,
           3.3876e-01,  1.7601e-04,  3.2474e-01,  1.8880e-01,  1.8278e-01,
           8.4776e-02, -3.1599e-01,  2.1302e-03,  1.6686e-01, -3.5666e-01],
         [-4.3742e-02, -8.1775e-02,  1.4030e-01,  3.2752e-01, -1.1995e-02,
          -5.3317e-02,  1.9790e-01,  5.9616e-02, -2.0474e-01,  1.0017e-01,
           3.7526e-01,  1.6520e-01, -7.6588e-02,  9.5934e-02,  1.8574e-01,
           3.8495e-01, -1.1736e-01,  1.2450e-01,  3.5023e-01,  9.4507e-02]]],
       grad_fn=<StackBackward>)
>>> h0
tensor([[[-1.8990, -2.4829,  0.9580, -0.0326,  0.3909,  0.1925,  0.2061,
          -2.1237,  1.2606,  0.9071, -0.5615,  0.7333, -0.0035, -0.0566,
          -0.7436,  0.1637, -0.0959,  1.2673, -0.1413, -0.1565],
         [-1.2772,  0.4877, -0.9516, -1.8305, -0.4008,  0.0196, -0.3227,
          -1.9361, -1.8745, -0.0992,  0.9714, -0.1703,  1.7658,  1.0651,
          -0.1015,  0.4479,  1.6365, -1.6390, -0.3654, -1.5065],
         [-0.2330,  0.4263, -1.6697, -0.3656, -1.0435,  0.4828,  1.3852,
          -0.9277,  0.6667, -1.3797,  1.1962, -0.9233,  2.1687, -0.6935,
           0.8405,  0.6881,  0.5358, -0.0863,  1.5113, -1.2137]],

        [[-0.1121, -0.6797, -1.5079,  0.1747, -1.0936, -0.2734, -0.9741,
          -0.6479, -0.6335,  0.0287,  0.5596, -0.2714,  1.1827,  0.6928,
          -1.0395, -0.8878, -1.6893,  0.4257,  0.1110, -0.7665],
         [ 0.8844, -1.2063, -0.4040, -0.4908,  0.8051,  0.6510,  0.6152,
          -0.6396, -1.5067, -0.3399, -0.4232,  0.8184, -0.9874,  0.5382,
          -0.6521,  1.5022,  1.1278,  0.5509,  1.7127, -1.0818],
         [-1.1023,  1.3808, -0.9732,  2.3708,  1.0261, -0.2684, -0.0159,
           0.5309, -0.7087, -0.0851, -1.3523, -0.7087, -1.3035,  0.0215,
           0.4072, -0.2255,  0.4430,  1.4175,  1.2374, -0.3747]]])
>>> Input
tensor([[[-0.7491,  0.2095,  0.2297,  0.9847,  1.0632, -0.4485,  0.4548,
          -1.1012, -0.0328,  1.2033],
         [-0.6236, -0.7704,  0.4369,  0.4404,  2.1134,  0.7358,  0.6054,
           0.3014,  0.3602, -0.5485],
         [-1.3185, -1.6501, -0.9306, -1.2396, -0.8823, -0.6628,  0.1537,
          -1.1855,  0.8946, -0.8227]],

        [[-0.7027,  0.2217,  0.1786, -0.1517, -0.6161, -0.8829, -0.0782,
           0.9477,  0.1414, -0.2230],
         [ 0.6681,  0.1349,  0.6221,  1.1557, -0.4688, -2.6932,  1.0067,
          -0.7462, -2.5619,  0.5766],
         [-1.2864, -2.1459,  1.9451,  1.6124, -1.2785,  1.4412, -0.5499,
          -0.5200, -0.7470, -0.5576]],

        [[-0.5284, -1.3096, -0.4048, -0.1590, -0.8090,  0.4246,  1.4698,
           0.9882,  0.8675,  0.6806],
         [-0.1053, -0.2955,  0.0869, -0.5899, -0.8891, -0.8211, -0.7983,
           0.0511, -1.3890, -0.4546],
         [ 0.3635, -0.3944, -1.0112,  0.4771,  0.8374,  0.5439, -1.2062,
           0.7827,  1.4374, -0.1809]],

        [[-0.8355, -0.3901, -0.1004, -0.9679,  0.1183, -1.7976, -0.8389,
           0.9008, -1.8146,  0.6866],
         [-0.2033,  0.2480,  0.4440, -1.9173, -0.8431, -0.1400, -1.2788,
          -0.2631, -2.1509,  1.3478],
         [ 1.7495,  0.4839,  0.3279, -0.3700, -0.3460,  0.8531, -0.7217,
          -0.6608,  1.4870, -1.1576]],

        [[ 1.5134,  0.6933,  0.5059,  0.7324, -1.0737, -0.1206, -0.5415,
           0.1778,  1.4748, -0.6397],
         [ 1.0774,  0.7121, -0.0882, -0.1691, -0.5276,  0.9649,  0.7864,
          -0.5887, -0.3519,  0.9586],
         [ 1.0353, -0.4523,  0.4710, -1.8106, -1.7184, -0.2121, -0.2678,
           0.6131,  0.0119, -0.7492]]])

